service_id,date,exception_type
246096624610015,20251114,1
246096624610015,20251121,1
246097024610542,20251111,1
246097024610542,20251209,1
246097124611393,20251105,1
246097124611393,20251112,1
246097124611393,20260225,1
246097224610354,20251030,1
246101524610295,20251219,1
246101624611426,20260207,1
246101624611426,20260321,1
246104924611404,20260115,1
246104924611404,20260402,1
246105024611415,20260109,1
246105024611415,20260123,1
246105024611415,20260327,1
246105024611415,20260410,1
246106824610822,20260127,1
246096724611426,20251206,1
246096724611426,20251220,1
246096724611426,20260411,1
246096824611437,20260104,1
246096824611437,20260118,1
246096824611437,20260301,1
246096824611437,20260329,1
246100824610085,20251128,1
246096924610531,20251201,1
246096924610531,20251215,1
246096924610531,20251222,1
246097024611452,20251118,1
246097024611452,20251223,1
246097024611452,20260217,1
246097024611452,20260331,1
246097024611452,20260407,1
246101524611415,20251219,1
246101524611415,20260213,1
246101524611415,20260403,1
246101524611415,20260410,1
246109524611441,20260323,1
246096924611441,20251027,1
246096924611441,20260202,1
246096924611441,20260223,1
246096924611441,20260406,1
246103524610424,20251225,1
246097024611382,20251104,1
246097024611382,20251230,1
246097024611382,20260331,1
246100624610063,20251126,1
246097124609993,20251029,1
246104124611393,20260318,1
246097424609886,20251108,1
246097524609757,20251026,1
246099524610026,20251122,1
246100724610095,20251128,1
246103524610444,20260101,1
246107224610866,20260207,1
246110024611776,20260307,1
246110024611776,20260425,1
246099624611717,20251123,1
246099624611717,20251130,1
246099624611717,20251228,1
246099624611717,20260104,1
246099624611717,20260329,1
246098824609886,20251108,1
246099524611776,20260221,1
246099524611776,20260307,1
246099524611776,20260314,1
246099524611776,20260516,1
246104624610564,20260115,1
246109524611751,20260406,1
246109524611754,20260409,1
246109524611752,20260414,1
246109524611754,20260416,1
246109524611754,20260430,1
246109524611752,20260512,1
246097324610015,20251024,1
246101524611765,20251212,1
246101524611765,20260508,1
246101124610283,20251203,1
246101124610282,20251209,1
246103224610343,20251224,1
246105024611765,20260116,1
246097624609931,20251027,1
246097624609932,20251104,1
246104724611753,20260121,1
246104724611753,20260218,1
246104724611753,20260311,1
246104724611752,20260317,1
246104724611753,20260415,1
246104724611752,20260505,1
246104724611752,20260512,1
246099724610251,20251117,1
246109524611721,20260330,1
246109524611721,20260420,1
246097324609735,20251024,1
246097724610002,20251104,1
246097724610002,20251111,1
246104224610424,20260101,1
246101024611717,20251207,1
246101024611717,20260201,1
246101024611717,20260503,1
246097524609886,20251108,1
246101024610247,20251130,1
246101024610247,20251207,1
246097424610026,20251025,1
246104524610527,20260104,1
246105924610607,20260118,1
246105924610601,20260119,1
246109424611717,20260322,1
246109424611717,20260329,1
246100324610097,20251123,1
246101024610307,20251214,1
246101024610306,20251220,1
246104524610867,20260125,1
246104524610867,20260208,1
246104524610866,20260214,1
246109424611776,20260404,1
246109424611776,20260502,1
246101124610291,20251201,1
246101124610293,20251203,1
246104624610575,20260109,1
246109524611762,20260317,1
246109524611763,20260325,1
246109524611762,20260414,1
246109524611762,20260421,1
246109524611761,20260427,1
246109524611764,20260430,1
246109524611765,20260515,1
246097524611717,20251130,1
246097524611717,20260419,1
246097524611717,20260426,1
246097524611717,20260503,1
246104524611717,20260201,1
246104724610563,20260107,1
246109624611754,20260226,1
246109624611753,20260311,1
246109624611753,20260422,1
246109624611754,20260514,1
246099724610003,20251119,1
246097624609901,20251103,1
246101624610866,20260131,1
246105924610651,20260119,1
246106624610866,20260207,1
246106624610867,20260208,1
246097424611776,20251115,1
246097424611776,20260214,1
246097424611776,20260321,1
246097424611776,20260328,1
246097524611776,20251115,1
246097524611777,20251130,1
246097524611776,20251206,1
246097524611777,20260118,1
246097524611776,20260214,1
246097524611777,20260215,1
246097524611777,20260222,1
246097524611776,20260404,1
246097524611777,20260419,1
246097524611776,20260502,1
246097624609874,20251030,1
246099724610014,20251120,1
246099724610015,20251121,1
246100324611777,20251123,1
246100324611776,20251206,1
246100324611777,20251228,1
246100324611776,20260228,1
246100224611776,20260214,1
246100224611776,20260509,1
246100324611717,20260201,1
246100324611717,20260329,1
246100324611717,20260405,1
246100324611717,20260426,1
246103124610441,20251229,1
246103124610443,20251231,1
246097324609955,20251107,1
246097324609956,20251108,1
246104524610865,20260123,1
246097624611721,20251229,1
246104324610435,20260102,1
246105124610866,20260131,1
246105124610866,20260214,1
246097424610866,20251122,1
246097424610866,20260117,1
246097424610866,20260207,1
246097324609745,20251024,1
246097524611773,20251119,1
246097524611771,20251124,1
246097524611774,20251127,1
246097524611772,20260113,1
246097524611775,20260130,1
246097524611774,20260205,1
246097524611771,20260216,1
246097524611773,20260218,1
246097524611773,20260225,1
246097524611773,20260304,1
246097524611774,20260305,1
246097524611775,20260313,1
246097524611775,20260320,1
246097524611774,20260409,1
246097524611771,20260413,1
246097524611772,20260505,1
246098224611774,20251106,1
246098224611774,20251113,1
246098224611775,20251114,1
246098224611775,20251128,1
246098224611775,20251205,1
246098224611771,20251222,1
246098224611776,20251227,1
246098224611774,20260115,1
246098224611774,20260129,1
246098224611774,20260219,1
246098224611776,20260228,1
246098224611774,20260305,1
246098224611771,20260316,1
246098224611773,20260408,1
246098224611776,20260418,1
246098224611771,20260427,1
246098224611774,20260430,1
246098224611773,20260513,1
246098424609932,20251111,1
246098424609934,20251113,1
246097324611775,20251031,1
246097324611775,20251107,1
246097324611775,20260206,1
246097324611776,20260321,1
246097324611775,20260403,1
246097324611776,20260509,1
246097324611775,20260515,1
246097524611751,20251027,1
246097524611757,20251102,1
246097524611752,20251202,1
246097524611757,20251214,1
246097524611751,20251222,1
246097524611751,20251229,1
246097524611751,20260105,1
246097524611754,20260115,1
246097524611753,20260204,1
246097524611754,20260212,1
246097524611751,20260216,1
246097524611752,20260217,1
246097524611752,20260303,1
246097524611751,20260309,1
246097524611754,20260319,1
246097524611757,20260329,1
246097524611752,20260331,1
246097524611757,20260412,1
246097524611751,20260413,1
246097524611752,20260414,1
246097524611751,20260427,1
246097524611754,20260514,1
246099024609953,20251112,1
246099624610372,20251118,1
246099624610374,20251120,1
246099624610373,20251203,1
246099624610376,20251206,1
246099624610371,20251208,1
246104524611773,20260121,1
246104524611775,20260123,1
246104524611777,20260125,1
246104524611772,20260127,1
246104524611775,20260206,1
246104524611776,20260207,1
246104524611776,20260214,1
246104524611772,20260303,1
246104524611773,20260311,1
246104524611775,20260313,1
246104524611775,20260320,1
246104524611777,20260322,1
246104524611773,20260325,1
246104524611771,20260406,1
246104524611777,20260412,1
246104524611772,20260421,1
246104524611775,20260424,1
246104524611777,20260426,1
246104524611771,20260427,1
246104524611771,20260504,1
246099624610317,20251123,1
246100924610446,20251206,1
246096624610015,20251107,1
246096724610026,20251115,1
246097024610542,20260106,1
246097124611393,20251217,1
246097124611393,20260121,1
246101624611426,20251206,1
246104924611404,20260108,1
246104924611404,20260219,1
246104924611404,20260409,1
246105024611415,20260220,1
246109624611452,20260310,1
246109624611452,20260331,1
246096724611426,20251025,1
246096724611426,20251213,1
246096724611426,20251227,1
246096724611426,20260131,1
246096724611426,20260214,1
246096824611437,20251109,1
246096824611437,20251123,1
246096824611437,20260215,1
246096824611437,20260222,1
246097024611452,20260210,1
246101524611415,20260102,1
246106724610811,20260202,1
246109524611441,20260413,1
246096924611441,20251117,1
246096924611441,20251229,1
246096924611441,20260309,1
246103624610435,20260102,1
246108924610892,20260217,1
246097024611382,20251118,1
246097024611382,20251216,1
246097024611382,20260113,1
246097024611382,20260224,1
246104124611393,20260218,1
246104124611393,20260408,1
246098224609897,20251102,1
246098224609897,20251109,1
246097424609746,20251025,1
246100724610094,20251127,1
246103524610444,20251225,1
246103524610446,20251227,1
246105124610586,20260117,1
246110024611776,20260418,1
246110024611776,20260502,1
246110024611776,20260509,1
246099624611717,20260405,1
246101624610586,20260103,1
246101624610586,20260117,1
246100824610096,20251129,1
246099524611776,20251122,1
246099524611776,20251129,1
246099524611776,20251227,1
246099524611776,20260110,1
246099524611776,20260207,1
246099524611776,20260425,1
246099524611776,20260509,1
246104624610563,20260107,1
246104624610563,20260114,1
246106724610841,20260126,1
246109524611753,20260225,1
246109524611751,20260309,1
246109524611754,20260402,1
246109524611753,20260422,1
246109524611753,20260429,1
246109524611751,20260504,1
246109524611754,20260514,1
246101524611765,20251226,1
246101524611765,20260116,1
246101524611765,20260403,1
246101524611765,20260424,1
246097624610004,20251106,1
246097624610001,20251117,1
246097624610002,20251118,1
246101124610284,20251204,1
246101124610284,20251211,1
246103224610411,20251222,1
246103224610411,20251229,1
246103224610402,20251223,1
246105024611765,20260515,1
246097624609931,20251103,1
246097624609934,20251106,1
246101224610282,20251202,1
246101224610283,20251217,1
246104724611753,20260128,1
246104724611754,20260219,1
246104724611752,20260421,1
246104724611754,20260430,1
246109524611721,20260309,1
246109524611721,20260406,1
246109524611721,20260511,1
246097624609941,20251103,1
246097724610004,20251113,1
246104124610413,20251231,1
246103924610431,20251229,1
246100424610062,20251125,1
246100424610063,20251126,1
246100324610085,20251128,1
246103124610427,20251221,1
246103124610424,20251225,1
246106624610807,20260208,1
246108724610881,20260216,1
246109424611717,20260222,1
246109424611717,20260301,1
246100324610093,20251126,1
246104524610867,20260201,1
246109424611777,20260301,1
246109424611776,20260418,1
246109424611776,20260425,1
246097624610013,20251029,1
246097624610015,20251031,1
246097624610013,20251105,1
246097624610014,20251120,1
246101124610295,20251219,1
246104624610573,20260107,1
246109524611763,20260304,1
246109524611765,20260306,1
246109524611762,20260310,1
246109524611764,20260312,1
246109524611765,20260320,1
246109524611765,20260327,1
246109524611761,20260420,1
246109524611763,20260506,1
246109524611762,20260512,1
246097524611717,20251109,1
246097524611717,20251228,1
246097524611717,20260125,1
246097524611717,20260208,1
246097524611717,20260412,1
246097524611717,20260510,1
246101024610317,20251207,1
246101024610317,20251214,1
246101024610317,20251221,1
246104524611717,20260215,1
246104524611717,20260308,1
246104524611717,20260419,1
246103324610412,20251230,1
246097624610251,20251124,1
246097624610251,20251208,1
246097624610251,20251215,1
246106824610844,20260129,1
246109024610913,20260218,1
246109624611753,20260225,1
246109624611754,20260326,1
246109624611754,20260402,1
246101624610376,20251206,1
246101624610376,20251213,1
246097624609901,20251027,1
246101624610866,20260124,1
246104524610586,20260117,1
246097424611776,20251213,1
246097424611776,20260103,1
246097424611776,20260411,1
246097424611776,20260509,1
246097624609942,20251028,1
246097624609944,20251106,1
246097624609943,20251112,1
246097524611777,20251116,1
246097524611776,20251129,1
246097524611776,20251220,1
246097524611777,20251228,1
246097524611776,20260110,1
246097524611776,20260124,1
246097524611776,20260328,1
246097524611777,20260426,1
246097524611776,20260516,1
246097624609871,20251103,1
246097624609875,20251107,1
246099024609934,20251113,1
246099724610013,20251119,1
246100324611776,20251129,1
246100324611776,20251213,1
246100324611776,20251227,1
246100324611777,20260104,1
246100324611777,20260118,1
246100324611777,20260215,1
246100324611777,20260301,1
246100324611776,20260314,1
246100324611777,20260322,1
246100324611776,20260425,1
246100224611776,20251213,1
246100224611776,20260307,1
246100224611776,20260425,1
246100324611717,20251130,1
246100324611717,20260125,1
246100324611717,20260208,1
246103124610444,20251225,1
246097324609955,20251024,1
246097324609956,20251025,1
246104524610865,20260213,1
246109424611775,20260227,1
246109424611775,20260313,1
246109424611775,20260515,1
246097624611721,20251027,1
246097624611721,20260105,1
246097624611721,20260216,1
246097624611721,20260413,1
246097624611721,20260420,1
246097624611721,20260511,1
246097424610866,20260103,1
246097524611773,20251105,1
246097524611773,20251217,1
246097524611773,20251224,1
246097524611774,20260115,1
246097524611773,20260204,1
246097524611775,20260220,1
246097524611771,20260309,1
246097524611775,20260417,1
246097524611772,20260421,1
246097524609802,20251028,1
246097524609804,20251030,1
246098224611777,20251109,1
246098224611772,20251111,1
246098224611776,20251122,1
246098224611771,20251201,1
246098224611772,20251209,1
246098224611777,20251214,1
246098224611774,20251225,1
246098224611777,20251228,1
246098224611777,20260208,1
246098224611772,20260210,1
246098224611772,20260217,1
246098224611775,20260220,1
246098224611771,20260223,1
246098224611773,20260304,1
246098224611774,20260319,1
246098224611775,20260320,1
246098224611772,20260324,1
246098224611775,20260403,1
246098224611775,20260501,1
246098224611777,20260503,1
246098224611774,20260507,1
246098224611776,20260516,1
246097324611776,20251227,1
246097324611776,20260124,1
246097324611776,20260207,1
246097324611776,20260228,1
246097324611775,20260306,1
246097324611775,20260320,1
246097324611776,20260328,1
246097524611752,20251118,1
246097524611754,20251120,1
246097524611754,20251211,1
246097524611751,20251215,1
246097524611757,20251228,1
246097524611753,20260107,1
246097524611757,20260118,1
246097524611757,20260208,1
246097524611757,20260215,1
246097524611751,20260316,1
246097524611753,20260422,1
246097524611752,20260505,1
246097524611753,20260506,1
246097524611751,20260511,1
246098224609886,20251108,1
246098324609901,20251110,1
246099624610371,20251117,1
246099624610373,20251119,1
246099624610371,20251124,1
246099624610373,20251126,1
246099624610376,20251129,1
246099624610374,20251218,1
246099624610375,20251219,1
246099624610373,20251224,1
246104524611777,20260111,1
246104524611776,20260117,1
246104524611774,20260122,1
246104524611776,20260124,1
246104524611773,20260128,1
246104524611776,20260131,1
246104524611772,20260203,1
246104524611776,20260221,1
246104524611777,20260222,1
246104524611771,20260223,1
246104524611774,20260319,1
246104524611771,20260330,1
246104524611774,20260402,1
246104524611772,20260407,1
246104524611773,20260408,1
246104524611776,20260425,1
246104524611773,20260429,1
246104524611776,20260502,1
246100924610446,20251129,1
246101024610446,20260103,1
246104524610457,20260104,1
246097124611393,20251119,1
246097124611393,20251231,1
246097124611393,20260204,1
246097124611393,20260318,1
246097124611393,20260408,1
246101624611426,20251213,1
246101624611426,20251220,1
246101624611426,20260103,1
246101624611426,20260124,1
246101624611426,20260404,1
246104924611404,20260319,1
246105024611415,20260116,1
246105024611415,20260403,1
246109624611452,20260303,1
246109624611452,20260324,1
246096724611426,20251129,1
246096724611426,20260110,1
246096724611426,20260117,1
246096724611426,20260228,1
246096724611426,20260307,1
246096824611437,20260125,1
246106024610601,20260119,1
246096924610531,20251124,1
246096924610531,20251229,1
246096924610531,20260112,1
246097024611452,20251209,1
246097024611452,20260120,1
246097024611452,20260324,1
246097024611452,20260414,1
246101424610284,20251204,1
246101524611415,20251226,1
246101524611415,20260220,1
246109524611441,20260302,1
246109524611441,20260309,1
246109524611441,20260330,1
246096924611441,20251124,1
246096924611441,20251215,1
246096924611441,20260323,1
246103624610435,20251226,1
246096524610004,20251120,1
246097024611382,20260317,1
246097024611382,20260407,1
246101324610273,20251217,1
246097424609886,20251025,1
246105124610586,20260110,1
246106024610651,20260119,1
246108824610936,20260221,1
246110024611776,20260411,1
246099624611717,20260301,1
246099624611717,20260412,1
246098124609816,20251101,1
246099524611776,20260131,1
246099524611776,20260328,1
246099524611776,20260418,1
246106724610844,20260205,1
246109524611754,20260305,1
246109524611753,20260408,1
246109524611752,20260421,1
246109524611754,20260507,1
246097324610015,20251121,1
246101524611765,20251219,1
246101524611765,20260130,1
246101524611765,20260306,1
246097624610001,20251110,1
246097624610004,20251113,1
246101124610284,20251218,1
246103424610413,20251224,1
246103224610433,20251224,1
246103224610435,20251226,1
246103224610435,20260102,1
246105024611765,20260206,1
246105024611765,20260320,1
246105024611765,20260424,1
246105024611765,20260501,1
246097624609933,20251105,1
246097624609931,20251110,1
246100524610052,20251125,1
246101224610283,20251203,1
246101224610282,20251216,1
246104724611754,20260205,1
246104724611752,20260324,1
246104724611753,20260506,1
246099724610251,20251124,1
246109524611721,20260302,1
246109524611721,20260427,1
246097624609945,20251114,1
246097724610002,20251028,1
246097724610003,20251029,1
246097724610003,20251112,1
246103224610363,20251224,1
246101024611717,20251130,1
246101024611717,20251221,1
246101024611717,20260118,1
246101024611717,20260222,1
246101024611717,20260301,1
246101024611717,20260315,1
246101024611717,20260322,1
246101024611717,20260329,1
246097524609887,20251102,1
246097424610026,20251101,1
246097424610026,20251115,1
246104424610586,20260103,1
246103124610377,20251221,1
246104524610866,20260131,1
246109424611776,20260228,1
246109424611776,20260321,1
246109424611776,20260509,1
246097624610012,20251111,1
246101124610291,20251215,1
246101124610292,20251216,1
246104624610574,20260108,1
246104624610571,20260112,1
246104624610572,20260113,1
246104624610574,20260115,1
246106724610853,20260128,1
246106724610854,20260205,1
246106724610855,20260213,1
246109524611761,20260406,1
246109524611761,20260413,1
246109524611764,20260514,1
246097524611717,20251207,1
246097524611717,20251214,1
246097524611717,20260201,1
246101024610317,20251130,1
246103824610427,20251228,1
246104524611717,20260104,1
246104524611717,20260412,1
246106824610842,20260210,1
246109624611752,20260331,1
246109624611753,20260401,1
246109624611754,20260416,1
246109624611754,20260423,1
246109624611752,20260428,1
246109624611754,20260507,1
246097724609932,20251104,1
246104224610446,20260103,1
246101624610866,20260214,1
246104524610586,20260110,1
246097424611776,20251206,1
246097424611776,20251227,1
246097424611776,20260207,1
246097424611776,20260425,1
246097424611776,20260502,1
246097624609943,20251105,1
246097524611777,20251109,1
246097524611777,20251214,1
246097524611776,20251227,1
246097524611776,20260103,1
246097524611777,20260104,1
246097524611777,20260125,1
246097524611777,20260315,1
246097524611777,20260329,1
246097524611777,20260510,1
246097624609871,20251027,1
246099424609945,20251114,1
246100324611777,20251214,1
246100324611776,20251220,1
246100324611776,20260103,1
246100324611776,20260207,1
246100324611776,20260418,1
246100324611777,20260503,1
246100324611776,20260509,1
246100324611777,20260510,1
246100324611717,20260104,1
246100324611717,20260118,1
246100324611717,20260315,1
246100324611717,20260419,1
246100324611717,20260510,1
246103124610444,20260101,1
246097324609955,20251114,1
246097324609956,20251115,1
246101024610305,20251205,1
246104524610865,20260116,1
246108724610935,20260220,1
246109424611775,20260320,1
246097624611721,20251103,1
246097624611721,20260302,1
246097624611721,20260309,1
246097424610866,20251025,1
246097424610866,20251101,1
246097424610866,20260110,1
246097424610866,20260124,1
246097424610866,20260131,1
246097524611773,20251029,1
246097524611775,20251031,1
246097524611771,20251110,1
246097524611775,20251114,1
246097524611775,20251205,1
246097524611774,20251225,1
246097524611775,20251226,1
246097524611772,20260106,1
246097524611771,20260112,1
246097524611771,20260119,1
246097524611772,20260217,1
246097524611772,20260303,1
246097524611773,20260318,1
246097524611774,20260402,1
246097524611775,20260403,1
246097524611772,20260407,1
246097524611773,20260408,1
246097524611774,20260430,1
246097524611774,20260507,1
246097524611772,20260512,1
246098224611775,20251212,1
246098224611771,20251215,1
246098224611772,20251223,1
246098224611774,20260101,1
246098224611775,20260102,1
246098224611777,20260104,1
246098224611773,20260114,1
246098224611777,20260125,1
246098224611772,20260127,1
246098224611775,20260130,1
246098224611777,20260222,1
246098224611772,20260224,1
246098224611771,20260302,1
246098224611776,20260307,1
246098224611772,20260310,1
246098224611777,20260315,1
246098224611772,20260331,1
246098224611773,20260401,1
246098224611773,20260422,1
246098224611775,20260424,1
246098224611773,20260429,1
246098224611771,20260504,1
246098224611774,20260514,1
246097624609794,20251030,1
246098424609933,20251105,1
246097324611776,20251101,1
246097324611776,20251108,1
246097324611775,20251212,1
246097324611776,20251220,1
246097324611776,20260103,1
246097324611775,20260313,1
246097324611776,20260411,1
246097324611776,20260502,1
246097524611752,20251028,1
246097524611757,20251109,1
246097524611753,20251119,1
246097524611753,20251126,1
246097524611757,20251130,1
246097524611753,20251203,1
246097524611757,20251207,1
246097524611752,20251209,1
246097524611757,20251221,1
246097524611752,20251223,1
246097524611753,20251224,1
246097524611754,20251225,1
246097524611753,20251231,1
246097524611754,20260101,1
246097524611754,20260108,1
246097524611754,20260129,1
246097524611751,20260202,1
246097524611757,20260222,1
246097524611751,20260223,1
246097524611752,20260224,1
246097524611754,20260326,1
246097524611757,20260419,1
246097524611752,20260421,1
246097524611752,20260428,1
246097524611753,20260429,1
246098224609887,20251102,1
246099624610377,20251123,1
246099624610374,20251211,1
246099624610371,20251215,1
246099624610372,20251216,1
246104524611776,20260110,1
246104524611771,20260112,1
246104524611771,20260209,1
246104524611773,20260225,1
246104524611775,20260227,1
246104524611777,20260308,1
246104524611776,20260314,1
246104524611771,20260316,1
246104524611772,20260317,1
246104524611777,20260329,1
246104524611777,20260405,1
246104524611774,20260416,1
246104524611776,20260418,1
246104524611773,20260422,1
246104524611777,20260503,1
246104524611774,20260507,1
246104524611776,20260509,1
246100924610446,20251213,1
246101024610446,20251206,1
246101024610447,20251207,1
246097024610542,20251223,1
246097024610542,20260113,1
246097124611393,20251029,1
246097124611393,20260107,1
246097124611393,20260128,1
246097124611393,20260401,1
246097224610354,20251225,1
246101624611426,20260131,1
246101624611426,20260221,1
246101624611426,20260314,1
246104924611404,20260122,1
246104924611404,20260212,1
246106824610822,20260203,1
246096724611426,20251108,1
246096724611426,20260207,1
246096724611426,20260221,1
246096824611437,20251130,1
246096824611437,20251221,1
246096824611437,20260412,1
246097024611452,20260317,1
246097224610004,20251113,1
246101524611415,20251212,1
246101524611415,20260109,1
246101524611415,20260116,1
246101524611415,20260130,1
246101524611415,20260327,1
246096924611441,20260126,1
246096924611441,20260209,1
246096924611441,20260413,1
246097024611382,20251209,1
246097024611382,20260210,1
246097124609993,20251112,1
246097424609886,20251101,1
246097524609897,20251026,1
246101624610306,20251206,1
246108824610931,20260216,1
246099624611717,20251116,1
246099624611717,20260118,1
246099624611717,20260201,1
246099624611717,20260510,1
246101624610586,20251213,1
246100724610084,20251127,1
246104624610562,20260106,1
246106124610634,20260122,1
246106724610842,20260210,1
246108924610913,20260218,1
246109524611752,20260224,1
246109524611754,20260312,1
246101524611765,20260109,1
246101524611765,20260220,1
246101524611765,20260327,1
246101524611765,20260515,1
246097624610001,20251103,1
246101124610281,20251201,1
246101124610282,20251202,1
246103224610342,20251223,1
246103224610413,20251224,1
246105024611765,20260220,1
246105024611765,20260306,1
246105024611765,20260327,1
246101224610282,20251209,1
246104724611752,20260106,1
246104724611753,20260107,1
246104724611752,20260113,1
246104724611752,20260203,1
246104724611753,20260225,1
246104724611754,20260402,1
246104724611753,20260408,1
246099724610251,20251201,1
246099724610251,20251208,1
246109524611721,20260316,1
246109524611721,20260323,1
246097624609945,20251031,1
246097624609945,20251107,1
246100124610015,20251121,1
246097724610003,20251119,1
246101024611717,20251228,1
246101024611717,20260419,1
246101024611717,20260426,1
246103524610376,20251227,1
246101024610307,20251130,1
246103824610447,20251228,1
246104524610866,20260124,1
246104524610866,20260207,1
246108724610931,20260216,1
246109424611776,20260411,1
246109424611777,20260419,1
246109424611777,20260426,1
246109424611777,20260503,1
246109424611776,20260516,1
246097624610011,20251027,1
246097624610011,20251103,1
246097624610012,20251104,1
246097624610014,20251113,1
246101124610295,20251205,1
246106124610642,20260120,1
246106724610851,20260126,1
246106724610855,20260130,1
246106724610851,20260202,1
246106724610855,20260206,1
246108924610925,20260220,1
246109524611763,20260225,1
246109524611761,20260302,1
246109524611764,20260319,1
246109524611761,20260323,1
246109524611762,20260407,1
246109524611764,20260409,1
246109524611765,20260410,1
246109524611765,20260417,1
246109524611762,20260428,1
246097524611717,20251221,1
246097524611717,20260104,1
246097524611717,20260308,1
246104524611717,20260329,1
246104524611717,20260426,1
246097624610251,20251110,1
246104724610562,20260113,1
246106224610634,20260122,1
246106824610842,20260127,1
246109624611753,20260318,1
246109624611753,20260429,1
246109624611753,20260506,1
246101624610376,20251227,1
246104224610444,20260101,1
246097624609901,20251110,1
246105924610657,20260118,1
246106624610867,20260125,1
246106624610866,20260214,1
246097424611776,20260110,1
246097424611776,20260314,1
246097624609944,20251113,1
246099824610015,20251121,1
246097524611776,20251101,1
246097524611777,20260322,1
246097524611777,20260412,1
246097524611776,20260509,1
246097624609874,20251106,1
246100324611776,20260110,1
246100324611776,20260117,1
246100324611777,20260201,1
246100324611777,20260222,1
246100324611777,20260405,1
246100324611776,20260411,1
246100324611776,20260502,1
246100224611776,20251122,1
246100224611776,20251206,1
246100224611776,20251227,1
246100224611776,20260502,1
246100324611717,20260111,1
246100324611717,20260308,1
246103124610447,20251221,1
246103124610443,20251224,1
246103124610446,20251227,1
246101024610305,20251212,1
246101024610305,20251219,1
246103124610375,20251226,1
246109424611775,20260508,1
246097624611721,20251117,1
246097624611721,20251215,1
246097624611721,20260126,1
246097624611721,20260223,1
246097624611721,20260427,1
246097624611721,20260504,1
246105124610866,20260207,1
246097424610866,20251108,1
246097424610866,20251129,1
246097424610866,20251220,1
246097424610866,20251227,1
246097524611774,20251030,1
246097524611774,20251113,1
246097524611771,20251201,1
246097524611774,20251204,1
246097524611772,20251209,1
246097524611772,20251216,1
246097524611772,20251230,1
246097524611773,20251231,1
246097524611773,20260114,1
246097524611772,20260120,1
246097524611774,20260122,1
246097524611774,20260129,1
246097524611775,20260206,1
246097524611772,20260210,1
246097524611775,20260306,1
246097524611772,20260310,1
246097524611771,20260323,1
246097524611771,20260330,1
246097524611772,20260331,1
246097524611775,20260410,1
246097524611773,20260415,1
246097524611774,20260416,1
246097524611773,20260422,1
246097524611775,20260508,1
246097524609807,20251026,1
246098224611777,20251116,1
246098224611773,20251119,1
246098224611777,20251123,1
246098224611772,20251125,1
246098224611774,20251127,1
246098224611776,20251213,1
246098224611772,20251216,1
246098224611777,20251221,1
246098224611773,20251224,1
246098224611774,20260108,1
246098224611775,20260109,1
246098224611777,20260201,1
246098224611771,20260202,1
246098224611774,20260205,1
246098224611776,20260207,1
246098224611777,20260322,1
246098224611777,20260405,1
246098224611774,20260409,1
246098224611777,20260412,1
246098224611771,20260413,1
246098224611772,20260428,1
246097324611776,20251122,1
246097324611776,20251206,1
246097324611776,20251213,1
246097324611776,20260117,1
246097324611775,20260130,1
246097324611776,20260314,1
246097324611775,20260410,1
246097324611775,20260417,1
246097324611775,20260508,1
246097524611753,20251029,1
246097524611754,20251106,1
246097524611754,20251113,1
246097524611751,20251124,1
246097524611752,20251125,1
246097524611754,20251127,1
246097524611751,20251208,1
246097524611754,20251218,1
246097524611752,20260113,1
246097524611751,20260119,1
246097524611752,20260127,1
246097524611751,20260209,1
246097524611754,20260219,1
246097524611751,20260302,1
246099024609952,20251111,1
246099624610374,20251127,1
246099624610375,20251128,1
246099624610375,20251212,1
246104524611772,20260106,1
246104524611774,20260108,1
246104524611774,20260129,1
246104524611771,20260202,1
246104524611773,20260204,1
246104524611772,20260224,1
246104524611771,20260309,1
246104524611772,20260310,1
246104524611774,20260326,1
246104524611776,20260328,1
246104524611772,20260331,1
246104524611774,20260430,1
246104524611771,20260511,1
246104524611774,20260514,1
246099624610317,20251214,1
246101024610446,20251213,1
246096724610026,20251122,1
246097024610542,20251104,1
246097024610542,20251125,1
246097024610542,20251216,1
246097024610542,20251230,1
246097124611393,20251203,1
246097124611393,20251224,1
246097124611393,20260218,1
246097124611393,20260304,1
246097224610354,20251106,1
246097224610354,20251113,1
246101624611426,20260117,1
246101624611426,20260214,1
246101624611426,20260411,1
246104924611404,20260226,1
246104924611404,20260305,1
246104924611404,20260326,1
246105024611415,20260227,1
246109624611452,20260407,1
246096724611426,20260124,1
246096824611437,20251116,1
246096824611437,20260308,1
246096824611437,20260315,1
246096824611437,20260322,1
246096924610531,20251208,1
246097024611452,20251125,1
246097024611452,20251216,1
246097024611452,20251230,1
246097024611452,20260203,1
246097024611452,20260224,1
246101424610284,20251211,1
246101424610284,20251218,1
246101524611415,20260306,1
246106724610811,20260126,1
246109524611441,20260223,1
246109524611441,20260316,1
246096924611441,20251208,1
246096924611441,20260216,1
246097024611382,20251028,1
246097024611382,20251111,1
246097024611382,20260217,1
246097024611382,20260324,1
246104124611393,20251231,1
246104124611393,20260121,1
246104124611393,20260204,1
246104124611393,20260304,1
246104124611393,20260311,1
246098124609886,20251101,1
246103524610446,20260103,1
246110024611776,20260516,1
246099624611717,20251221,1
246099624611717,20260125,1
246099624611717,20260208,1
246099624611717,20260222,1
246099624611717,20260419,1
246101624610586,20251206,1
246100824610095,20251128,1
246099524611776,20251220,1
246099524611776,20260103,1
246099524611776,20260321,1
246099524611776,20260404,1
246099524611776,20260411,1
246099524611776,20260502,1
246104624610561,20260112,1
246104624610562,20260113,1
246106124610633,20260121,1
246106724610842,20260127,1
246108924610912,20260217,1
246108924610914,20260219,1
246109524611753,20260304,1
246109524611752,20260324,1
246109524611753,20260325,1
246109524611752,20260331,1
246109524611751,20260413,1
246109524611753,20260415,1
246109524611751,20260511,1
246109524611753,20260513,1
246101524611765,20260227,1
246101524611765,20260417,1
246097624610002,20251104,1
246097624610003,20251105,1
246097624610002,20251111,1
246100424610052,20251125,1
246101124610281,20251208,1
246101124610281,20251215,1
246103924610402,20251230,1
246103224610432,20251223,1
246103224610433,20251231,1
246105024611765,20260313,1
246097624609932,20251111,1
246097624609933,20251112,1
246104724611754,20260115,1
246104724611754,20260122,1
246104724611753,20260204,1
246104724611753,20260211,1
246104724611752,20260224,1
246104724611752,20260303,1
246104724611754,20260305,1
246104724611754,20260312,1
246104724611752,20260407,1
246104724611754,20260409,1
246109524611721,20260223,1
246109524611721,20260413,1
246109524611721,20260504,1
246097724610003,20251105,1
246097724610002,20251118,1
246103224610365,20251226,1
246099624609967,20251116,1
246101024611717,20260104,1
246101024611717,20260125,1
246101024611717,20260208,1
246101024611717,20260215,1
246101024611717,20260308,1
246101024611717,20260405,1
246101024611717,20260510,1
246098924609897,20251109,1
246103124610424,20260101,1
246103524610374,20251225,1
246104424610586,20260117,1
246104524610527,20260111,1
246099624610027,20251116,1
246100324610095,20251128,1
246103124610371,20251222,1
246103124610374,20251225,1
246108724610937,20260215,1
246109424611777,20260308,1
246109424611777,20260510,1
246097624610011,20251110,1
246101124610292,20251202,1
246101124610294,20251204,1
246104624610571,20260105,1
246106124610645,20260123,1
246106724610853,20260204,1
246106724610851,20260209,1
246108924610922,20260217,1
246109524611761,20260223,1
246109524611763,20260318,1
246109524611764,20260326,1
246109524611765,20260403,1
246109524611765,20260424,1
246109524611765,20260501,1
246109524611761,20260504,1
246109524611764,20260507,1
246109524611765,20260508,1
246109524611761,20260511,1
246109524611763,20260513,1
246097524611717,20260118,1
246097524611717,20260322,1
246104524611717,20260208,1
246104524611717,20260510,1
246103324610413,20251224,1
246097624610251,20251103,1
246109024610914,20260219,1
246109624611752,20260224,1
246109624611754,20260305,1
246109624611754,20260312,1
246109624611754,20260319,1
246109624611752,20260407,1
246109624611753,20260408,1
246109624611754,20260409,1
246109624611752,20260505,1
246097724609934,20251030,1
246097724609933,20251105,1
246097724609934,20251106,1
246099724610001,20251117,1
246101624610866,20251213,1
246097424611776,20251025,1
246097424611776,20260404,1
246097424611776,20260516,1
246097524611777,20251026,1
246097524611776,20251122,1
246097524611777,20251207,1
246097524611776,20260221,1
246097524611776,20260314,1
246097524611776,20260321,1
246097624609872,20251104,1
246100324611776,20260124,1
246100324611776,20260214,1
246100324611777,20260315,1
246100324611776,20260321,1
246100324611776,20260328,1
246100324611776,20260516,1
246100224611776,20251129,1
246100224611776,20251220,1
246100224611776,20260228,1
246100224611776,20260328,1
246100224611776,20260404,1
246100324611717,20251207,1
246100324611717,20260503,1
246103124610441,20251222,1
246103124610442,20251230,1
246103824610445,20260102,1
246109424611775,20260424,1
246109424611775,20260501,1
246097624611721,20251124,1
246097624611721,20260316,1
246097624611721,20260406,1
246105124610866,20260117,1
246097424610866,20260214,1
246097324609746,20251025,1
246097524611771,20251103,1
246097524611772,20251104,1
246097524611772,20251111,1
246097524611772,20251223,1
246097524611774,20260101,1
246097524611775,20260102,1
246097524611775,20260109,1
246097524611775,20260116,1
246097524611773,20260121,1
246097524611775,20260123,1
246097524611771,20260126,1
246097524611771,20260209,1
246097524611773,20260211,1
246097524611771,20260223,1
246097524611773,20260401,1
246097524611771,20260420,1
246097524611774,20260423,1
246097524611775,20260424,1
246097524611774,20260514,1
246098224611775,20251107,1
246098224611776,20251108,1
246098224611776,20251129,1
246098224611773,20251203,1
246098224611775,20251226,1
246098224611771,20251229,1
246098224611776,20260103,1
246098224611772,20260106,1
246098224611773,20260107,1
246098224611776,20260117,1
246098224611773,20260121,1
246098224611776,20260124,1
246098224611771,20260126,1
246098224611771,20260209,1
246098224611773,20260211,1
246098224611771,20260216,1
246098224611773,20260218,1
246098224611776,20260221,1
246098224611777,20260308,1
246098224611773,20260311,1
246098224611774,20260312,1
246098224611772,20260317,1
246098224611776,20260321,1
246098224611774,20260402,1
246098224611776,20260404,1
246098224611776,20260411,1
246098224611771,20260420,1
246098224611772,20260421,1
246098224611776,20260425,1
246098224611776,20260509,1
246098224611777,20260510,1
246097324611775,20251226,1
246097324611775,20260109,1
246097324611776,20260131,1
246097324611776,20260214,1
246097324611775,20260327,1
246097324611776,20260425,1
246097524611751,20251103,1
246097524611752,20251104,1
246097524611753,20251112,1
246097524611757,20251116,1
246097524611751,20251117,1
246097524611751,20251201,1
246097524611754,20251204,1
246097524611752,20260120,1
246097524611753,20260121,1
246097524611751,20260126,1
246097524611753,20260211,1
246097524611753,20260218,1
246097524611753,20260225,1
246097524611757,20260301,1
246097524611752,20260310,1
246097524611753,20260318,1
246097524611751,20260420,1
246097524611754,20260423,1
246097524611754,20260507,1
246097524611757,20260510,1
246097524611752,20260512,1
246099024609955,20251114,1
246099624610372,20251125,1
246099624610376,20251213,1
246099624610377,20251214,1
246099624610371,20251222,1
246099624610376,20251227,1
246104524611777,20260104,1
246104524611773,20260107,1
246104524611774,20260115,1
246104524611775,20260130,1
246104524611774,20260205,1
246104524611773,20260218,1
246104524611776,20260228,1
246104524611773,20260304,1
246104524611774,20260305,1
246104524611774,20260312,1
246104524611773,20260318,1
246104524611771,20260323,1
246104524611775,20260327,1
246104524611771,20260413,1
246104524611777,20260419,1
246104524611772,20260428,1
246104524611775,20260501,1
246104524611772,20260505,1
246104524611775,20260508,1
246104524611776,20260516,1
246099624610317,20251130,1
246100924610446,20251227,1
246100924610446,20260103,1
246104124610444,20260101,1
246100924610096,20251129,1
246101024610447,20251130,1
246097024610542,20251118,1
246097124611393,20251126,1
246097224610354,20251120,1
246097224610354,20251211,1
246097224610354,20251218,1
246101524610295,20251205,1
246101624611426,20260307,1
246104924611404,20260129,1
246105024611415,20260320,1
246109624611452,20260224,1
246096724611426,20260321,1
246096824611437,20251214,1
246096824611437,20260405,1
246100724610074,20251127,1
246108824610881,20260216,1
246096924610531,20251103,1
246096924610531,20260105,1
246097024611452,20251028,1
246097024611452,20260113,1
246097024611452,20260127,1
246097224610004,20251106,1
246101524611415,20260320,1
246096924611441,20251103,1
246096924611441,20251201,1
246096924611441,20251222,1
246096924611441,20260112,1
246096924611441,20260302,1
246096524610004,20251106,1
246096524610004,20251113,1
246097024611382,20251202,1
246097024611382,20251223,1
246097024611382,20260303,1
246103424610343,20251224,1
246097124609993,20251105,1
246101324610273,20251203,1
246104124611393,20260211,1
246104124611393,20260225,1
246098124609886,20251108,1
246099524610026,20251115,1
246106024610656,20260124,1
246107224610866,20260131,1
246107224610866,20260214,1
246110024611776,20260228,1
246110024611776,20260328,1
246099624611717,20251207,1
246099624611717,20260308,1
246101624610586,20251227,1
246099524611776,20251115,1
246099524611776,20260124,1
246100724610085,20251128,1
246104624610564,20260108,1
246106724610843,20260128,1
246106724610844,20260129,1
246106724610842,20260203,1
246109524611751,20260223,1
246109524611753,20260311,1
246109524611751,20260316,1
246109524611752,20260317,1
246109524611753,20260318,1
246109524611754,20260319,1
246109524611752,20260407,1
246109524611752,20260428,1
246109524611753,20260506,1
246101524611765,20251205,1
246101524611765,20260102,1
246101524611765,20260206,1
246101524611765,20260213,1
246101524611765,20260410,1
246097624610001,20251027,1
246097624610003,20251029,1
246097624610004,20251030,1
246100424610051,20251124,1
246101124610283,20251217,1
246103224610341,20251222,1
246103224610412,20251223,1
246103424610413,20251231,1
246103224610402,20251230,1
246103224610431,20251222,1
246103224610432,20251230,1
246105024611765,20260109,1
246105024611765,20260403,1
246105024611765,20260410,1
246105024611765,20260417,1
246105024611765,20260508,1
246097624609934,20251113,1
246099824610003,20251119,1
246101224610283,20251210,1
246101224610284,20251211,1
246104724611753,20260114,1
246104724611752,20260120,1
246104724611752,20260210,1
246104724611753,20260304,1
246104724611752,20260310,1
246104724611754,20260319,1
246104724611754,20260326,1
246104724611753,20260422,1
246104724611752,20260428,1
246104724611753,20260429,1
246104724611754,20260514,1
246104624610531,20260105,1
246097624609941,20251027,1
246097724610004,20251106,1
246097724610004,20251120,1
246103924610432,20251230,1
246103924610435,20260102,1
246100324610077,20251123,1
246100324610074,20251127,1
246101024611717,20251214,1
246101024611717,20260412,1
246097524609886,20251101,1
246100324610084,20251127,1
246101024610247,20251214,1
246097424610026,20251108,1
246097424610026,20251122,1
246104424610586,20260110,1
246109424611717,20260405,1
246109424611717,20260419,1
246099524609956,20251115,1
246101024610306,20251206,1
246103124610372,20251223,1
246103824610442,20251230,1
246104524610867,20260104,1
246104524610866,20260110,1
246104524610867,20260111,1
246104524610866,20260117,1
246108724610936,20260221,1
246109424611777,20260322,1
246109424611776,20260328,1
246109424611777,20260405,1
246109424611777,20260412,1
246097624610012,20251028,1
246097624610015,20251107,1
246101124610293,20251210,1
246101124610295,20251212,1
246101124610293,20251217,1
246101124610294,20251218,1
246104624610575,20260116,1
246106724610852,20260127,1
246106724610852,20260203,1
246106724610852,20260210,1
246106724610853,20260211,1
246108924610924,20260219,1
246109524611765,20260227,1
246109524611764,20260402,1
246109524611763,20260408,1
246109524611763,20260415,1
246109524611763,20260429,1
246109524611762,20260505,1
246097524611717,20260222,1
246104524611717,20260222,1
246104524611717,20260315,1
246104524611717,20260322,1
246103324610412,20251223,1
246097624610251,20251027,1
246097624610251,20251201,1
246104724610562,20260106,1
246104724610563,20260114,1
246104724610564,20260115,1
246106224610633,20260121,1
246106824610843,20260128,1
246106824610844,20260205,1
246106824610844,20260212,1
246109624611753,20260304,1
246109624611752,20260324,1
246109624611753,20260325,1
246109624611754,20260430,1
246109624611752,20260512,1
246097724609933,20251112,1
246097724609934,20251113,1
246101624610866,20251206,1
246101624610866,20251220,1
246101624610866,20260110,1
246105924610656,20260124,1
246097424611776,20251108,1
246097424611776,20260307,1
246097624609944,20251030,1
246097624609942,20251104,1
246099824610012,20251118,1
246099824610013,20251119,1
246099824610014,20251120,1
246099724609971,20251117,1
246097524611777,20260111,1
246097524611776,20260418,1
246099024609931,20251110,1
246099024609932,20251111,1
246099024609933,20251112,1
246099724610012,20251118,1
246100324611777,20260111,1
246100324611777,20260125,1
246100324611776,20260131,1
246100324611777,20260308,1
246100324611777,20260412,1
246100324611777,20260419,1
246100224611776,20260103,1
246100224611776,20260124,1
246100224611776,20260131,1
246100224611776,20260207,1
246100224611776,20260411,1
246100324611717,20260215,1
246100324611717,20260412,1
246099624610025,20251121,1
246104524610865,20260130,1
246097624611721,20251222,1
246097624611721,20260112,1
246103624610365,20251226,1
246105124610866,20260110,1
246097424610866,20251115,1
246097424610866,20251206,1
246097424610866,20251213,1
246097524611775,20251107,1
246097524611772,20251125,1
246097524611775,20251128,1
246097524611772,20251202,1
246097524611773,20251203,1
246097524611771,20251215,1
246097524611773,20260107,1
246097524611774,20260108,1
246097524611772,20260127,1
246097524611771,20260202,1
246097524611775,20260213,1
246097524611774,20260219,1
246097524611775,20260227,1
246097524611771,20260302,1
246097524611773,20260311,1
246097524611772,20260317,1
246097524611774,20260326,1
246097524611771,20260406,1
246097524611772,20260428,1
246097524611773,20260429,1
246097524611771,20260504,1
246097524609803,20251029,1
246097524609805,20251031,1
246098224611772,20251104,1
246098224611773,20251112,1
246098224611772,20251118,1
246098224611775,20251121,1
246098224611777,20251130,1
246098224611774,20251211,1
246098224611773,20251217,1
246098224611774,20251218,1
246098224611775,20251219,1
246098224611772,20251230,1
246098224611771,20260105,1
246098224611776,20260110,1
246098224611777,20260118,1
246098224611771,20260119,1
246098224611774,20260122,1
246098224611773,20260204,1
246098224611774,20260212,1
246098224611776,20260214,1
246098224611775,20260227,1
246098224611775,20260313,1
246098224611776,20260314,1
246098224611773,20260318,1
246098224611771,20260323,1
246098224611773,20260325,1
246098224611774,20260326,1
246098224611777,20260329,1
246098224611771,20260330,1
246098224611775,20260410,1
246098224611774,20260423,1
246098224611777,20260426,1
246098224611776,20260502,1
246098224611775,20260515,1
246098424609933,20251112,1
246097324611775,20251024,1
246097324611776,20251025,1
246097324611775,20251114,1
246097324611775,20251121,1
246097324611775,20251128,1
246097324611775,20251219,1
246097324611776,20260110,1
246097324611775,20260116,1
246097324611775,20260213,1
246097324611776,20260418,1
246097324611775,20260424,1
246097324611775,20260501,1
246097524611753,20251105,1
246097524611752,20251216,1
246097524611753,20251217,1
246097524611751,20260112,1
246097524611753,20260114,1
246097524611754,20260122,1
246097524611757,20260201,1
246097524611752,20260203,1
246097524611754,20260205,1
246097524611752,20260210,1
246097524611753,20260311,1
246097524611754,20260312,1
246097524611752,20260324,1
246097524611753,20260325,1
246097524611754,20260402,1
246097524611757,20260405,1
246097524611757,20260426,1
246099024609954,20251113,1
246099024609956,20251115,1
246099624610377,20251116,1
246099624610376,20251122,1
246099624610377,20251130,1
246099624610372,20251202,1
246099624610377,20251207,1
246099624610372,20251209,1
246099624610377,20251221,1
246104524611775,20260109,1
246104524611771,20260119,1
246104524611777,20260201,1
246104524611774,20260212,1
246104524611776,20260321,1
246104524611775,20260403,1
246104524611776,20260404,1
246104524611774,20260409,1
246104524611773,20260506,1
246099624610317,20251116,1
246099624610317,20251207,1
246100924610446,20251220,1
246104124610446,20260103,1
246101024610446,20251220,1
246096724610026,20251025,1
246096724610026,20251101,1
246096724610026,20251108,1
246097024610542,20251028,1
246097124611393,20251210,1
246097124611393,20260114,1
246097224610354,20251204,1
246101524610295,20251212,1
246101624611426,20260228,1
246101624611426,20260328,1
246104924611404,20260205,1
246105024611415,20260130,1
246105024611415,20260313,1
246106824610822,20260210,1
246109624611452,20260317,1
246109624611452,20260414,1
246096724611426,20251115,1
246096724611426,20251122,1
246096724611426,20260314,1
246096724611426,20260328,1
246096724611426,20260404,1
246096824611437,20251026,1
246096824611437,20260201,1
246096924610531,20251027,1
246096924610531,20251110,1
246096924610531,20251117,1
246097024611452,20251111,1
246097024611452,20260106,1
246097224610004,20251030,1
246101524611415,20251205,1
246101524611415,20260123,1
246101524611415,20260227,1
246109524611441,20260406,1
246096924611441,20260316,1
246096924611441,20260330,1
246106124610612,20260120,1
246096524610004,20251030,1
246097024611382,20260106,1
246097024611382,20260127,1
246097024611382,20260203,1
246097124609993,20251119,1
246104124611393,20260114,1
246104124611393,20260325,1
246097524609897,20251102,1
246101624610306,20251220,1
246110024611776,20260404,1
246099624611717,20251214,1
246099624611717,20260111,1
246099624611717,20260215,1
246099624611717,20260503,1
246101624610586,20251220,1
246101624610586,20260110,1
246099524611776,20251206,1
246099524611776,20251213,1
246099524611776,20260117,1
246106724610843,20260204,1
246106724610843,20260211,1
246109524611754,20260226,1
246109524611751,20260302,1
246109524611752,20260310,1
246109524611751,20260323,1
246109524611751,20260330,1
246109524611753,20260401,1
246109524611751,20260420,1
246109524611754,20260423,1
246109524611752,20260505,1
246097324610015,20251031,1
246097324610015,20251107,1
246101524611765,20260123,1
246101524611765,20260320,1
246101524611765,20260501,1
246101124610283,20251210,1
246101124610282,20251216,1
246103924610401,20251229,1
246103224610401,20251222,1
246103224610401,20251229,1
246097624609932,20251028,1
246099824610004,20251120,1
246104724611754,20260108,1
246104724611752,20260127,1
246104724611754,20260129,1
246104724611752,20260217,1
246104724611754,20260226,1
246104724611753,20260325,1
246104724611752,20260414,1
246104724611754,20260416,1
246104724611753,20260513,1
246104624610531,20260112,1
246097624609941,20251110,1
246097724610004,20251030,1
246100424610061,20251124,1
246103124610427,20251228,1
246109424611717,20260426,1
246109424611717,20260510,1
246100324610094,20251127,1
246100324610096,20251129,1
246103824610441,20251229,1
246103824610443,20251231,1
246103824610446,20260103,1
246104524610867,20260118,1
246109424611777,20260222,1
246109424611776,20260307,1
246109424611776,20260314,1
246109424611777,20260315,1
246109424611777,20260329,1
246097624610015,20251114,1
246101124610291,20251208,1
246104624610572,20260106,1
246106724610854,20260212,1
246108924610923,20260218,1
246109524611762,20260303,1
246109524611763,20260311,1
246109524611761,20260330,1
246097524611717,20251026,1
246097524611717,20251116,1
246097524611717,20260111,1
246097524611717,20260215,1
246097524611717,20260315,1
246097524611717,20260329,1
246097524611717,20260405,1
246104524611717,20260118,1
246104524611717,20260125,1
246104524611717,20260405,1
246109624611752,20260310,1
246109624611752,20260317,1
246109624611752,20260421,1
246097724609932,20251111,1
246101624610866,20251227,1
246101624610866,20260117,1
246101624610866,20260207,1
246104524610587,20260104,1
246106624610866,20260131,1
246106624610867,20260201,1
246097424611776,20251101,1
246097424611776,20251122,1
246097424611776,20251129,1
246097424611776,20251220,1
246097424611776,20260124,1
246097424611776,20260228,1
246097624609942,20251111,1
246097524611777,20251102,1
246097524611776,20251108,1
246097524611776,20251213,1
246097524611777,20251221,1
246097524611776,20260117,1
246097524611776,20260131,1
246097524611776,20260228,1
246097524611777,20260301,1
246097524611777,20260308,1
246097524611776,20260411,1
246097624609872,20251028,1
246097624609873,20251029,1
246099724610011,20251117,1
246100324611777,20251130,1
246100324611777,20251207,1
246100324611777,20251221,1
246100324611777,20260329,1
246100324611776,20260404,1
246100224611776,20260110,1
246100224611776,20260314,1
246100224611776,20260321,1
246100224611776,20260516,1
246100324611717,20251228,1
246100324611717,20260222,1
246097324609956,20251101,1
246104524610865,20260206,1
246097624611721,20251208,1
246097624611721,20260119,1
246097624611721,20260202,1
246097624611721,20260209,1
246097624611721,20260323,1
246097624611721,20260330,1
246097524611774,20251106,1
246097524611772,20251118,1
246097524611775,20251121,1
246097524611774,20251211,1
246097524611771,20251222,1
246097524611771,20251229,1
246097524611771,20260105,1
246097524611773,20260128,1
246097524611774,20260226,1
246097524611774,20260319,1
246097524611775,20260327,1
246097524611771,20260427,1
246097524611773,20260506,1
246097524611771,20260511,1
246097524611775,20260515,1
246097524609801,20251027,1
246098224611777,20251102,1
246098224611771,20251103,1
246098224611771,20251110,1
246098224611774,20251120,1
246098224611771,20251124,1
246098224611772,20251202,1
246098224611776,20251206,1
246098224611777,20251207,1
246098224611771,20251208,1
246098224611773,20251210,1
246098224611773,20251231,1
246098224611777,20260111,1
246098224611771,20260112,1
246098224611775,20260116,1
246098224611772,20260120,1
246098224611773,20260128,1
246098224611776,20260131,1
246098224611772,20260203,1
246098224611775,20260213,1
246098224611773,20260225,1
246098224611774,20260226,1
246098224611777,20260301,1
246098224611776,20260328,1
246098224611771,20260406,1
246098224611772,20260407,1
246098224611774,20260416,1
246098224611775,20260417,1
246098224611777,20260419,1
246098224611772,20260505,1
246098224611773,20260506,1
246097624609791,20251027,1
246097624609792,20251028,1
246097624609793,20251029,1
246098424609934,20251106,1
246097324611776,20251115,1
246097324611776,20251129,1
246097324611775,20260102,1
246097324611775,20260123,1
246097324611775,20260220,1
246097324611776,20260516,1
246097524611757,20251123,1
246097524611752,20251230,1
246097524611757,20260111,1
246097524611757,20260125,1
246097524611754,20260226,1
246097524611753,20260304,1
246097524611752,20260317,1
246097524611751,20260330,1
246097524611751,20260406,1
246097524611752,20260407,1
246097524611753,20260408,1
246097524611753,20260415,1
246097524611757,20260503,1
246097524611753,20260513,1
246099624610375,20251121,1
246099624610371,20251201,1
246099624610375,20251205,1
246099624610373,20251210,1
246099624610372,20251223,1
246099624610375,20251226,1
246104524611771,20260105,1
246104524611775,20260116,1
246104524611772,20260120,1
246104524611771,20260126,1
246104524611773,20260211,1
246104524611775,20260213,1
246104524611777,20260215,1
246104524611771,20260216,1
246104524611772,20260217,1
246104524611774,20260219,1
246104524611775,20260220,1
246104524611777,20260301,1
246104524611777,20260315,1
246104524611772,20260324,1
246104524611773,20260401,1
246104524611776,20260411,1
246104524611772,20260414,1
246104524611771,20260420,1
246104524611774,20260423,1
246104524611772,20260512,1
246104124610443,20251231,1
246100624610073,20251126,1
246100624610074,20251127,1
246101024610447,20251221,1
246101024610446,20251227,1
246101024610447,20251228,1
246096624610015,20251024,1
246096624610015,20251031,1
246097024610542,20251202,1
246097124611393,20260211,1
246097124611393,20260311,1
246097124611393,20260325,1
246097224610354,20251127,1
246101624611426,20251227,1
246101624611426,20260110,1
246104924611404,20260312,1
246105024611415,20260206,1
246105024611415,20260213,1
246105024611415,20260306,1
246096724611426,20251101,1
246096724611426,20260103,1
246096824611437,20251102,1
246096824611437,20251207,1
246096824611437,20251228,1
246096824611437,20260111,1
246096824611437,20260208,1
246103524610354,20251225,1
246097024611452,20251104,1
246097024611452,20251202,1
246097024611452,20260303,1
246097024611452,20260310,1
246097224610004,20251120,1
246101524611415,20260206,1
246101524611415,20260313,1
246106724610811,20260209,1
246096924611441,20251110,1
246096924611441,20260105,1
246096924611441,20260119,1
246103524610424,20260101,1
246097024611382,20251125,1
246097024611382,20260120,1
246097024611382,20260310,1
246101324610273,20251210,1
246104124611393,20260107,1
246104124611393,20260128,1
246104124611393,20260401,1
246097524609897,20251109,1
246100724610096,20251129,1
246101624610306,20251213,1
246110024611776,20260314,1
246110024611776,20260321,1
246099624611717,20260315,1
246099624611717,20260322,1
246099624611717,20260426,1
246099524611776,20260214,1
246099524611776,20260228,1
246104624610561,20260105,1
246106124610632,20260120,1
246106724610841,20260202,1
246106724610841,20260209,1
246106724610844,20260212,1
246109524611752,20260303,1
246109524611754,20260326,1
246109524611751,20260427,1
246097324610015,20251114,1
246101524611765,20260313,1
246097624610002,20251028,1
246097624610003,20251112,1
246097624610003,20251119,1
246097624610004,20251120,1
246103224610412,20251230,1
246103224610413,20251231,1
246103224610431,20251229,1
246105024611765,20260123,1
246105024611765,20260130,1
246105024611765,20260213,1
246105024611765,20260227,1
246097624609933,20251029,1
246097624609934,20251030,1
246099824610002,20251118,1
246101224610284,20251204,1
246101224610284,20251218,1
246104724611754,20260212,1
246104724611753,20260318,1
246104724611752,20260331,1
246104724611753,20260401,1
246104724611754,20260423,1
246104724611754,20260507,1
246099724610251,20251215,1
246103224610361,20251222,1
246103224610362,20251223,1
246101024611717,20260111,1
246097524609887,20251026,1
246100324610087,20251123,1
246106624610807,20260125,1
246106624610807,20260201,1
246108724610887,20260215,1
246109424611717,20260308,1
246109424611717,20260315,1
246109424611717,20260412,1
246109424611717,20260503,1
246099624610026,20251122,1
246101024610307,20251207,1
246101024610306,20251213,1
246103124610373,20251224,1
246103124610376,20251227,1
246097624610014,20251030,1
246097624610014,20251106,1
246097624610013,20251112,1
246097624610011,20251117,1
246097624610012,20251118,1
246097624610013,20251119,1
246097624610015,20251121,1
246101124610292,20251209,1
246101124610294,20251211,1
246104624610573,20260114,1
246106124610643,20260121,1
246106124610644,20260122,1
246106724610854,20260129,1
246109524611762,20260224,1
246109524611764,20260226,1
246109524611764,20260305,1
246109524611761,20260309,1
246109524611765,20260313,1
246109524611761,20260316,1
246109524611762,20260324,1
246109524611762,20260331,1
246109524611763,20260401,1
246109524611764,20260416,1
246109524611763,20260422,1
246109524611764,20260423,1
246097524611717,20251102,1
246097524611717,20251123,1
246097524611717,20260301,1
246103824610424,20260101,1
246104524611717,20260111,1
246104524611717,20260301,1
246104524611717,20260503,1
246103324610413,20251231,1
246097624610251,20251117,1
246104724610564,20260108,1
246106824610842,20260203,1
246106824610843,20260204,1
246106824610843,20260211,1
246109624611752,20260303,1
246109624611752,20260414,1
246109624611753,20260415,1
246109624611753,20260513,1
246097724609932,20251028,1
246097724609933,20251029,1
246099724610002,20251118,1
246099724610004,20251120,1
246101624610376,20251220,1
246101624610866,20260103,1
246104524610587,20260111,1
246097424611776,20260117,1
246097424611776,20260131,1
246097424611776,20260221,1
246097424611776,20260418,1
246097624609943,20251029,1
246097524611777,20251123,1
246097524611777,20260201,1
246097524611776,20260207,1
246097524611777,20260208,1
246097524611776,20260307,1
246097524611777,20260405,1
246097524611776,20260425,1
246097524611777,20260503,1
246097624609875,20251031,1
246097624609873,20251105,1
246100224610026,20251122,1
246100324611777,20260208,1
246100324611776,20260221,1
246100324611776,20260307,1
246100324611777,20260426,1
246100224611776,20260117,1
246100224611776,20260221,1
246100224611776,20260418,1
246100324611717,20251123,1
246100324611717,20251214,1
246100324611717,20251221,1
246100324611717,20260301,1
246100324611717,20260322,1
246103124610442,20251223,1
246103124610447,20251228,1
246103124610446,20260103,1
246097324609955,20251031,1
246104524610865,20260109,1
246109424611775,20260306,1
246109424611775,20260327,1
246109424611775,20260403,1
246109424611775,20260410,1
246109424611775,20260417,1
246097624611721,20251110,1
246097624611721,20251201,1
246105124610866,20260124,1
246097524611771,20251027,1
246097524611772,20251028,1
246097524611773,20251112,1
246097524611771,20251117,1
246097524611774,20251120,1
246097524611773,20251126,1
246097524611771,20251208,1
246097524611773,20251210,1
246097524611775,20251212,1
246097524611774,20251218,1
246097524611775,20251219,1
246097524611772,20260203,1
246097524611774,20260212,1
246097524611772,20260224,1
246097524611774,20260312,1
246097524611771,20260316,1
246097524611772,20260324,1
246097524611773,20260325,1
246097524611772,20260414,1
246097524611775,20260501,1
246097524611773,20260513,1
246098224611773,20251105,1
246098224611776,20251115,1
246098224611771,20251117,1
246098224611773,20251126,1
246098224611774,20251204,1
246098224611776,20251220,1
246098224611772,20260113,1
246098224611775,20260123,1
246098224611775,20260206,1
246098224611777,20260215,1
246098224611772,20260303,1
246098224611775,20260306,1
246098224611771,20260309,1
246098224611775,20260327,1
246098224611772,20260414,1
246098224611773,20260415,1
246098224611775,20260508,1
246098224611771,20260511,1
246098224611772,20260512,1
246098424609932,20251104,1
246097324611775,20251205,1
246097324611776,20260221,1
246097324611775,20260227,1
246097324611776,20260307,1
246097324611776,20260404,1
246097524611757,20251026,1
246097524611754,20251030,1
246097524611751,20251110,1
246097524611752,20251111,1
246097524611753,20251210,1
246097524611757,20260104,1
246097524611752,20260106,1
246097524611753,20260128,1
246097524611754,20260305,1
246097524611757,20260308,1
246097524611757,20260315,1
246097524611757,20260322,1
246097524611751,20260323,1
246097524611753,20260401,1
246097524611754,20260409,1
246097524611754,20260416,1
246097524611754,20260430,1
246097524611751,20260504,1
246098324609901,20251103,1
246099024609951,20251110,1
246099624610374,20251204,1
246099624610373,20251217,1
246099624610376,20251220,1
246099624610374,20251225,1
246104524611772,20260113,1
246104524611773,20260114,1
246104524611777,20260118,1
246104524611777,20260208,1
246104524611772,20260210,1
246104524611774,20260226,1
246104524611771,20260302,1
246104524611775,20260306,1
246104524611776,20260307,1
246104524611775,20260410,1
246104524611773,20260415,1
246104524611775,20260417,1
246104524611777,20260510,1
246104524611773,20260513,1
246104524611775,20260515,1
246099624610317,20251221,1
246101024610447,20251214,1
